200
43 48 4
77 86 3
4 4 1
25 31 10
55 75 4
5 44 5
47 56 8
25 1 7
16 47 3
22 75 10
88 20 6
9 0 6
44 85 1
6 7 3
85 22 5
13 58 3
65 8 10
72 8 10
4 57 7
12 94 8
15 73 6
60 57 2
89 56 5
23 58 1
8 87 1
62 76 10
79 20 9
59 82 4
22 48 6
95 44 7
84 7 5
42 78 10
74 96 3
44 3 8
38 18 3
44 14 1
94 85 10
26 76 4
11 41 2
58 9 2
64 4 3
96 41 5
27 34 8
23 56 5
64 66 7
1 21 2
92 31 5
41 27 0
65 54 1
30 32 4
62 21 4
73 45 4
43 8 5
83 90 7
58 46 9
28 1 9
30 4 7
3 17 5
44 41 4
14 22 9
37 68 4
48 63 2
11 72 8
52 95 8
49 62 1
10 58 5
70 16 7
9 7 5
8 25 3
30 76 10
5 4 9
86 26 7
31 4 4
70 97 4
70 42 10
58 43 2
65 60 7
63 25 7
19 64 8
51 87 2
43 93 9
57 22 8
22 0 9
3 78 10
45 11 10
19 44 8
15 99 5
64 24 10
3 43 3
44 22 0
67 72 7
0 68 6
36 95 2
25 9 5
72 68 8
13 22 8
11 39 9
9 96 8
57 94 10
66 60 3
54 91 1
72 28 2
66 43 0
59 80 5
89 91 4
71 31 1
72 77 0
89 3 10
98 92 7
31 43 4
26 91 0
99 13 2
28 23 8
32 7 9
50 5 9
91 86 10
46 53 0
87 33 2
97 39 6
55 7 0
8 99 2
56 40 9
79 98 10
15 3 3
30 34 0
1 4 45
6 52 0
49 76 3
50 82 3
17 49 5
95 43 4
58 6 4
15 24 7
48 42 5
13 56 8
27 47 7
21 91 10
22 80 8
69 93 4
33 37 9
32 43 4
86 39 4
73 83 6
10 45 7
50 10 1
62 33 2
3 25 1
77 77 6
48 36 1
80 30 5
95 46 3
91 19 7
45 37 8
28 34 1
27 42 0
67 9 7
46 21 7
56 21 0
73 89 6
12 99 10
17 41 5
59 32 8
80 5 7
96 79 4
69 16 5
44 96 4
46 87 8
82 82 10
9 73 7
5 78 3
95 45 0
0 95 6
74 48 1
40 81 1
54 60 4
47 81 0
51 95 1
42 30 1
97 12 0
17 32 6
48 29 3
80 2 1
51 69 5
92 34 2
53 74 1
84 8 4
79 5 9
83 62 6
54 88 8
82 23 5
3 40 8
38 70 6
21 22 7
94 9 2
0 13 3
82 49 7
68 85 3
24 32 4
4 30 6
37 72 2
43 48